[manual]
lat=43.466789
lon=-79.690300
